-1.0794631
-1.0325872
-0.98578496
-0.9968237
-1.2235546
-1.0423066
-1.1815875
-1.0325872
-1.0180722
-1.1994301
-0.87749132
-1.0923843
-1.0923843
-1.2632285
-0.80010497
-1.0923843
-1.0545015
-1.1805015
-0.9968237
-0.99960179
-1.2632285
-1.1805015
-1.1805015
-0.99960179
-0.73955361
-1.0922121
-1.1694126
-1.1286738
-1.2632285
-1.4016809
-0.99960179
-1.1805015
-0.94180187
-0.99960179
-0.81144403
-0.99960179
-2.049174
-1.2632285
-0.99960179
-1.1916822
-0.9968237
-1.2671877
-1.0816837
-1.1805015
-1.2785755
-0.99960179
-1.0518966
-0.99960179
-1.1805015
-0.99960179
-1.1454468
-1.1805015
-0.99960179
-0.99960179
-0.99960179
-0.99960179
-1.0923843
-0.81752845
-1.1038087
-1.091063
-1.0923843
-1.3467216
-0.99960179
-1.3131366
-1.1095102
-0.74642169
-0.99960179
-1.0923843
-0.99960179
-0.68524083
-1.3236981
-1.1613649
-0.99960179
-1.2632285
-0.85952059
-1.4458754
-0.99960179
-1.0467645
-1.4392638
-0.99960179
-1.8854274
-1.0533001
-0.99960179
-0.99960179
-1.2933183
-0.99986314
-1.0408416
-1.1805015
-0.95643755
-0.97495857
-0.99960179
-1.2712673
-0.97495857
-0.99960179
-0.98418912
-1.0923843
-1.2455482
-1.1325598
-0.98409486
-0.99931812
-1.0923843
-0.99960179
-1.0467645
-0.63919329
-1.304507
-1.0957725
-1.3445925
-1.2632285
-1.0179725
-0.97459026
-0.77533413
-1.1805015
-1.220323
-0.97495857
-1.1916822
-1.0467645
-0.99033862
-1.2455482
-1.2632285
-1.0923843
-0.99960179
-0.99960179
-1.2712673
-1.0923843
-0.97495857
-0.94429561
-1.2632285
-1.0923843
-1.1916822
-1.2045531
-0.93138565
-1.1916822
-1.0923843
-1.0596471
-1.0923843
-0.99960179
-1.1805015
-0.81203666
-1.0091966
-1.1805015
-1.1916822
-1.2632285
-1.0091966
-1.0334479
-0.99960179
-0.99960179
-0.99960179
-1.0036956
0.22139317
-0.8810506
-1.0934518
-1.2888406
-1.5365331
-0.84997936
-1.2884551
-0.6982696
-0.83234619
0.41066357
-1.2510436
0.032145158
-0.80251495
-0.29259731
-0.3367982
-1.1611336
-1.1942798
-0.35406232
-0.54549814
-1.1435089
-1.1010826
-0.95020687
-1.008194
-0.97237103
-0.22638116
-0.87145313
-1.099349
-1.2992211
-0.64964356
-0.6330054
-0.3347681
-1.2872527
-0.54830893
-1.2597766
-0.71136178
-0.96670002
-1.196183
-1.1048815
-0.74517307
-0.83844643
-0.83836804
-1.3449664
-1.0933618
-0.94520193
-1.1800011
-1.1323346
-1.0892166
-0.90752325
-0.90546145
-1.2888406
-1.2209855
-0.69428997
-1.2094779
-1.0381771
0.5183268
-0.087254035
-0.73024623
-0.73676994
-0.95813446
-1.2085544
-0.88433795
-1.1738349
-0.53592335
-1.1942798
-0.80285285
-1.3433403
0.43669878
-0.69633013
-0.91456568
-0.52178516
0.35512961
-1.1093014
-0.96839001
-1.1693776
-0.82148965
-0.95899312
-0.61906802
-0.72521459
-1.0826023
0.20764375
-1.0210502
-0.70163064
-1.2910278
-0.77220692
-1.3730295
-0.81921932
-0.89825948
-1.1048327
-0.68705471
-0.72110549
-0.99116743
-0.84396884
-0.75758717
-2.0758199
-0.94683261
-0.95977553
-0.74299373
-1.8825626
-1.5017728
-2.0110022
-1.0391677
-2.2714826
-1.0048447
-0.52324267
-1.8569635
-0.86619711
-1.5979772
-1.4110407
-1.6010012
0.44205162
-2.2771515
-2.0174089
-1.0878844
-1.7745165
-1.6386804
-1.183666
-1.6897857
-2.1294398
-1.103532
-2.0682116
-2.1309956
-1.0262113
-1.8682711
-1.112939
-0.97974838
-2.1876486
-2.0484756
-1.3276579
-2.2367577
-0.6738149
0.062490834
-1.3327578
-1.4626444
-1.3012132
-0.77110781
-1.5946284
-1.3589695
-1.69298
-1.2331033
-1.6078748
-2.0186192
-2.0481171
-1.5272566
-1.519782
-1.5532777
-1.9554117
-0.48830728
-0.94603554
-0.28365684
-1.8928058
-2.1309956
-1.047589
-2.2250238
-1.6072208
-1.1712229
-0.89581586
-0.6480078
-1.4048439
0.60901924
0.69724641
0.68365911
-0.014211447
1.3813467
0.075469876
1.8032435
1.7363034
0.88348723
1.8417063
1.6840233
-0.36200995
0.37013359
-0.27422632
1.8593253
1.1630839
0.52821103
1.5942778
-0.035002719
0.71543653
1.8417063
1.5960219
1.5396528
0.88462133
0.88348723
-0.55392193
1.2394747
1.370327
0.10485404
0.43120638
1.3539857
-0.17874714
1.7502744
-0.14013326
1.7363034
1.1420505
0.78294159
-0.025363574
1.617492
0.74194123
-0.21002164
0.12844024
1.3325697
0.15027076
0.22685605
-0.40416485
0.72790464
-0.0070067031
0.37424305
0.88348723
0.44628846
1.601966
1.6471165
1.7363034
-0.062063474
0.88348723
1.4492229
0.97627176
1.2018943
0.10755034
0.69676234
0.036390049
0.097361478
1.2714169
1.0131536
-0.07567701
1.7426021
0.81090653
-0.34403052
0.86942356
1.427563
0.61301017
1.3283895
-0.31935722
1.0280718
-0.056881745
0.54013737
0.98166936
1.4067929
0.91240405
0.50790103
-1.4203778
-0.19769525
-1.6976597
-0.99851902
-0.29795868
-1.3696211
-0.60066224
-0.94935954
-0.65445459
-1.4179134
-1.256158
-1.4586785
-1.7806688
-2.109011
-1.9288103
-2.1232802
-1.3459094
-1.1659376
-1.2778657
-0.90053914
-1.8246873
-1.0446184
-1.816301
-1.3128616
-1.1162086
-1.3606005
-0.84027601
-0.59685618
-1.2422963
-1.0631794
-1.186679
-0.055085169
-1.1935722
-1.1505563
-1.5228498
-0.86289991
-0.74332801
-1.3729949
-0.92257124
-1.3589898
-1.9878728
-1.2395331
-1.2238913
-1.3052633
-1.3675308
-1.7365434
-1.2552892
-1.3671125
-1.3795373
-0.45568005
-1.092742
-1.1510555
-0.85530966
-1.1669144
-1.1129721
-2.0274852
-2.1416166
-1.2112684
-1.0147215
-0.4008114
-1.6456367
-2.0824248
0.18693491
-0.82544973
-1.7632915
-1.1219123
-1.3022176
-0.8157158
-0.95179951
-1.1584489
-1.5533475
-1.0392543
-1.2923118
-1.1523582
-1.9648524
-1.5041571
-0.96203112
-0.94446483
-1.3641944
-1.1548158
-0.88902783
-1.113657
-1.6538411
-1.0449665
-1.101882
-1.1616577
-1.0347879
-1.2137603
-1.1545946
-0.99980207
-0.67781178
-1.0374016
-1.2688485
-0.78692424
-1.3062586
-0.55336628
-0.066304615
-0.59296934
-0.96797192
-0.99239215
-0.99314859
-1.2747512
-1.2283614
-1.1006347
-1.1071668
-1.9244731
-1.4396287
-0.96612731
-1.0147215
-1.6216737
-1.4921377
-1.8146957
-2.1498256
